Launching V101 with Monocular-Inertial sensor
num_seq = 1
file name: V101_imu
Loading images for sequence 0...LOADED!
Loading IMU for sequence 0...LOADED!
Loading toa for sequence 0...LOADED!

ORB-SLAM3 Copyright (C) 2017-2020 Carlos Campos, Richard Elvira, Juan J. Gómez, José M.M. Montiel and Juan D. Tardós, University of Zaragoza.
ORB-SLAM2 Copyright (C) 2014-2016 Raúl Mur-Artal, José M.M. Montiel and Juan D. Tardós, University of Zaragoza.
This program comes with ABSOLUTELY NO WARRANTY;
This is free software, and you are welcome to redistribute it
under certain conditions. See LICENSE.txt.

Input sensor was set to: Monocular-Inertial
Loading settings from ./Examples/Monocular-Inertial/EuRoC.yaml
	-Loaded camera 1
	-Loaded image info
	-Loaded IMU calibration
	-Loaded ORB settings
	-Loaded viewer settings
	-Loaded Atlas settings
	-Loaded misc parameters
----------------------------------
SLAM settings: 
	-Camera 1 parameters (Pinhole): [ 458.65399169921875 457.29598999023438 367.21499633789062 248.375 ]
	-Camera 1 distortion parameters: [  -0.28340810537338257 0.073959067463874817 0.00019359000725671649 1.7618711353861727e-05 ]
	-Original image size: [ 752 , 480 ]
	-Current image size: [ 600 , 350 ]
	-Camera 1 parameters after resize: [  365.94735717773438 333.44500732421875 292.99069213867188 181.10678100585938 ]
	-Sequence FPS: 20
	-Gyro noise: 0.00016999999934341758
	-Accelerometer noise: 0.0020000000949949026
	-Gyro walk: 1.9392999092815444e-05
	-Accelerometer walk: 0.0030000000260770321
	-IMU frequency: 200
	-Features per image: 1000
	-ORB scale factor: 1.2000000476837158
	-ORB number of scales: 8
	-Initial FAST threshold: 20
	-Min FAST threshold: 7


Loading ORB Vocabulary. This could take a while...
Vocabulary loaded!

Initialization of Atlas from scratch 
Creation of new map with id: 0
Creation of new map with last KF id: 0
Seq. Name: 
There are 1 cameras in the atlas
Camera 0 is pinhole
Starting the Viewer
First KF:0; Map init KF:0
New Map created with 487 points
GlobalBundleAdjustemnt
BundleAdjustment
PoseOptimization
PoseOptimization
PoseOptimization
PoseOptimization
PoseOptimization
PoseOptimization
PoseOptimization
PoseOptimization
PoseOptimization
PoseOptimization
LocalBundleAdjustment
tcw of the first keyframe
1 0 0 0
0 1 0 0
0 0 1 0
0 0 0 1
twc of the first keyframe
1 0 0 0
0 1 0 0
0 0 1 0
0 0 0 1
The Gt data that are read from the file
-0.016314305365085602
  -0.1136171743273735
 0.023435326293110847
                    1
GT that are transfered to the new world:
-0.016314305365085602
  -0.1136171743273735
 0.023435326293110847
                    1
The keyframe Estimatation Twc: 
  0.99972349405288696 -0.014488783665001392  0.018521815538406372 -0.040946386754512787
 0.015657519921660423   0.99778860807418823 -0.064596660435199738 -0.097877815365791321
-0.017544930800795555  0.064868807792663574   0.99773955345153809  0.030278835445642471
                    0                     0                     0                     1
---------------------------------------
PoseOptimization
PoseOptimization
PoseOptimization
PoseOptimization
PoseOptimization
PoseOptimization
PoseOptimization
PoseOptimization
PoseOptimization
PoseOptimization
LocalBundleAdjustment
tcw of the first keyframe
1 0 0 0
0 1 0 0
0 0 1 0
0 0 0 1
twc of the first keyframe
1 0 0 0
0 1 0 0
0 0 1 0
0 0 0 1
The Gt data that are read from the file
-0.02450006827712059
 -0.1731879711151123
0.038123752921819687
                   1
GT that are transfered to the new world:
-0.02450006827712059
 -0.1731879711151123
0.038123752921819687
                   1
The keyframe Estimatation Twc: 
  0.99986499547958374 -0.011012768372893333  0.012195945717394352 -0.022357875481247902
 0.011809422634541988   0.99766284227371216 -0.067300945520401001  -0.11543985456228256
-0.011426271870732307  0.067435890436172485   0.99765819311141968   0.03093695268034935
                    0                     0                     0                     1
---------------------------------------
PoseOptimization
PoseOptimization
PoseOptimization
PoseOptimization
PoseOptimization
PoseOptimization
PoseOptimization
PoseOptimization
PoseOptimization
PoseOptimization
LocalBundleAdjustment
tcw of the first keyframe
1 0 0 0
0 1 0 0
0 0 1 0
0 0 0 1
twc of the first keyframe
1 0 0 0
0 1 0 0
0 0 1 0
0 0 0 1
The Gt data that are read from the file
-0.031561862677335739
 -0.16441306471824646
 0.066904902458190918
                    1
GT that are transfered to the new world:
-0.031561862677335739
 -0.16441306471824646
 0.066904902458190918
                    1
The keyframe Estimatation Twc: 
    0.9998776912689209  -0.013875245116651058   0.007215417455881834  -0.020675510168075562
  0.014269521459937096    0.99822539091110229  -0.057814329862594604   -0.11040773242712021
-0.0064004245214164257   0.057910222560167313    0.99830126762390137   0.048834379762411118
                     0                      0                      0                      1
---------------------------------------
PoseOptimization
PoseOptimization
PoseOptimization
PoseOptimization
PoseOptimization
PoseOptimization
PoseOptimization
PoseOptimization
PoseOptimization
PoseOptimization
LocalBundleAdjustment
tcw of the first keyframe
1 0 0 0
0 1 0 0
0 0 1 0
0 0 0 1
twc of the first keyframe
1 0 0 0
0 1 0 0
0 0 1 0
0 0 0 1
The Gt data that are read from the file
-0.035203728824853897
 -0.17419658601284027
 0.078073784708976746
                    1
GT that are transfered to the new world:
-0.035203728824853897
 -0.17419658601284027
 0.078073784708976746
                    1
The keyframe Estimatation Twc: 
   0.99989426136016846  -0.013158476911485195  0.0061896690167486668  -0.022610150277614594
  0.013462484814226627    0.99855899810791016  -0.051948800683021545   -0.11854054033756256
-0.0054971827194094658   0.052026636898517609     0.9986305832862854   0.054519034922122955
                     0                      0                      0                      1
---------------------------------------
PoseOptimization
PoseOptimization
PoseOptimization
PoseOptimization
PoseOptimization
PoseOptimization
PoseOptimization
PoseOptimization
PoseOptimization
PoseOptimization
LocalBundleAdjustment
tcw of the first keyframe
1 0 0 0
0 1 0 0
0 0 1 0
0 0 0 1
twc of the first keyframe
1 0 0 0
0 1 0 0
0 0 1 0
0 0 0 1
The Gt data that are read from the file
-0.033156495541334152
 -0.20158959925174713
 0.073727689683437347
                    1
GT that are transfered to the new world:
-0.033156495541334152
 -0.20158959925174713
 0.073727689683437347
                    1
The keyframe Estimatation Twc: 
   0.99987709522247314  -0.014551376923918724  0.0058390898630023003  -0.021668393164873123
  0.014825562946498394    0.99863713979721069  -0.050041146576404572   -0.13467815518379211
-0.0051029641181230545    0.05012156069278717    0.99873006343841553   0.053278692066669464
                     0                      0                      0                      1
---------------------------------------
PoseOptimization
PoseOptimization
PoseOptimization
PoseOptimization
PoseOptimization
PoseOptimization
PoseOptimization
PoseOptimization
PoseOptimization
PoseOptimization
LocalBundleAdjustment
tcw of the first keyframe
1 0 0 0
0 1 0 0
0 0 1 0
0 0 0 1
twc of the first keyframe
1 0 0 0
0 1 0 0
0 0 1 0
0 0 0 1
The Gt data that are read from the file
-0.02712714672088623
 -0.2339714914560318
0.065129488706588745
                   1
GT that are transfered to the new world:
-0.02712714672088623
 -0.2339714914560318
0.065129488706588745
                   1
The keyframe Estimatation Twc: 
   0.99995630979537964 -0.0008717132150195539   0.009305126965045929  -0.016774585470557213
0.00081537605728954077     0.9999813437461853   0.006056495476514101   -0.16129687428474426
 -0.009310232475399971 -0.0060486439615488052    0.99993836879730225   0.047754857689142227
                     0                      0                      0                      1
---------------------------------------
PoseOptimization
PoseOptimization
PoseOptimization
PoseOptimization
PoseOptimization
PoseOptimization
PoseOptimization
PoseOptimization
PoseOptimization
PoseOptimization
LocalBundleAdjustment
PoseOptimization
PoseOptimization
tcw of the first keyframe
1 0 0 0
0 1 0 0
0 0 1 0
0 0 0 1
twc of the first keyframe
1 0 0 0
0 1 0 0
0 0 1 0
0 0 0 1
The Gt data that are read from the file
-0.026681378483772278
 -0.28283658623695374
  0.07495957612991333
                    1
GT that are transfered to the new world:
-0.026681378483772278
 -0.28283658623695374
  0.07495957612991333
                    1
The keyframe Estimatation Twc: 
   0.99915003776550293   0.032751664519309998    0.02503090538084507  -0.016502209007740021
  -0.03254057839512825    0.99943172931671143 -0.0087944269180297852    -0.1939118355512619
 -0.025304714217782021   0.007972431369125843    0.99964797496795654   0.053327314555644989
                     0                      0                      0                      1
---------------------------------------
PoseOptimization
PoseOptimization
PoseOptimization
PoseOptimization
PoseOptimization
PoseOptimization
PoseOptimization
PoseOptimization
LocalBundleAdjustment
tcw of the first keyframe
1 0 0 0
0 1 0 0
0 0 1 0
0 0 0 1
twc of the first keyframe
1 0 0 0
0 1 0 0
0 0 1 0
0 0 0 1
The Gt data that are read from the file
-0.043422121554613113
 -0.34216666221618652
  0.10277774930000305
                    1
GT that are transfered to the new world:
-0.043422121554613113
 -0.34216666221618652
  0.10277774930000305
                    1
The keyframe Estimatation Twc: 
  0.99721455574035645 -0.023350544273853302  0.070837020874023438 -0.025693673640489578
 0.024855544790625572   0.99948209524154663 -0.020439339801669121  -0.24142828583717346
-0.070323057472705841  0.022143099457025528   0.99727845191955566  0.072954736649990082
                    0                     0                     0                     1
---------------------------------------
InertialOptimization1
PoseOptimization
PoseOptimization
FullInertialBA
PoseInertialOptimizationLastKeyFrame
PoseInertialOptimizationLastKeyFrame
LocalInertialBA
PoseInertialOptimizationLastFrame
tcw of the first keyframe
  0.99632179737091064  0.079045936465263367  0.033084176480770111 -0.021962778642773628
 0.059868887066841125  -0.36589419841766357  -0.92872869968414307 -0.018884627148509026
 -0.06130693107843399   0.92729341983795166  -0.36928069591522217  0.066196545958518982
                    0                     0                     0                     1
twc of the first keyframe
  0.99632179737091064  0.059868887066841125  -0.06130693107843399  0.027070904150605202
 0.079045936465263367  -0.36589419841766357   0.92729341983795166 -0.066557325422763824
 0.033084176480770111  -0.92872869968414307  -0.36928069591522217 0.0076330378651618958
                    0                     0                     0                     1
The Gt data that are read from the file
-0.053903438150882721
  -0.3747439980506897
  0.12537844479084015
                    1
GT that are transfered to the new world:
-0.056756347417831421
  0.18256106972694397
  0.30758532881736755
                    1
The keyframe Estimatation Twc: 
  0.99735921621322632 0.0035132416523993015  0.072541199624538422 -0.052038829773664474
-0.066922225058078766   -0.3435589075088501   0.93674373626708984   0.19041293859481812
 0.028213175013661385  -0.93912458419799805  -0.34241652488708496   0.30427280068397522
                    0                     0                     0                     1
---------------------------------------
PoseInertialOptimizationLastKeyFrame
LocalInertialBA
PoseInertialOptimizationLastFrame
tcw of the first keyframe
  0.99632179737091064  0.079045936465263367  0.033084176480770111 -0.021962778642773628
 0.059868887066841125  -0.36589419841766357  -0.92872869968414307 -0.018884627148509026
 -0.06130693107843399   0.92729341983795166  -0.36928069591522217  0.066196545958518982
                    0                     0                     0                     1
twc of the first keyframe
  0.99632179737091064  0.059868887066841125  -0.06130693107843399  0.027070904150605202
 0.079045936465263367  -0.36589419841766357   0.92729341983795166 -0.066557325422763824
 0.033084176480770111  -0.92872869968414307  -0.36928069591522217 0.0076330378651618958
                    0                     0                     0                     1
The Gt data that are read from the file
-0.059174418449401855
    -0.39362832903862
   0.1417316347360611
                    1
GT that are transfered to the new world:
-0.064141079783439636
  0.20421832799911499
  0.31891047954559326
                    1
The keyframe Estimatation Twc: 
  0.99292892217636108 -0.014945857226848602   0.11776561290025711 -0.058623872697353363
  -0.1157979741692543  -0.34033668041229248   0.93314623832702637   0.21374446153640747
 0.026133274659514427  -0.94018495082855225  -0.33966076374053955   0.31572318077087402
                    0                     0                     0                     1
---------------------------------------
PoseInertialOptimizationLastKeyFrame
LocalInertialBA
PoseInertialOptimizationLastFrame
tcw of the first keyframe
  0.99632179737091064  0.079045936465263367  0.033084176480770111 -0.021962778642773628
 0.059868887066841125  -0.36589419841766357  -0.92872869968414307 -0.018884627148509026
 -0.06130693107843399   0.92729341983795166  -0.36928069591522217  0.066196545958518982
                    0                     0                     0                     1
twc of the first keyframe
  0.99632179737091064  0.059868887066841125  -0.06130693107843399  0.027070904150605202
 0.079045936465263367  -0.36589419841766357   0.92729341983795166 -0.066557325422763824
 0.033084176480770111  -0.92872869968414307  -0.36928069591522217 0.0076330378651618958
                    0                     0                     0                     1
The Gt data that are read from the file
-0.065889425575733185
 -0.41151639819145203
  0.15861167013645172
                    1
GT that are transfered to the new world:
-0.072937190532684326
  0.22588542103767395
  0.32906797528266907
                    1
The keyframe Estimatation Twc: 
  0.98789829015731812 -0.029104664921760559    0.1523481011390686 -0.066747367382049561
 -0.15317785739898682  -0.33736276626586914   0.92882901430130005   0.23509055376052856
 0.024363292381167412  -0.94092494249343872   -0.3377382755279541   0.32635670900344849
                    0                     0                     0                     1
---------------------------------------
PoseInertialOptimizationLastKeyFrame
LocalInertialBA
PoseInertialOptimizationLastFrame
tcw of the first keyframe
  0.99632179737091064  0.079045936465263367  0.033084176480770111 -0.021962778642773628
 0.059868887066841125  -0.36589419841766357  -0.92872869968414307 -0.018884627148509026
 -0.06130693107843399   0.92729341983795166  -0.36928069591522217  0.066196545958518982
                    0                     0                     0                     1
twc of the first keyframe
  0.99632179737091064  0.059868887066841125  -0.06130693107843399  0.027070904150605202
 0.079045936465263367  -0.36589419841766357   0.92729341983795166 -0.066557325422763824
 0.033084176480770111  -0.92872869968414307  -0.36928069591522217 0.0076330378651618958
                    0                     0                     0                     1
The Gt data that are read from the file
-0.073291145265102386
 -0.42795148491859436
  0.17486903071403503
                    1
GT that are transfered to the new world:
-0.082292333245277405
  0.24638918042182922
  0.33808332681655884
                    1
The keyframe Estimatation Twc: 
  0.98310267925262451  -0.03766937181353569   0.17913711071014404 -0.075579367578029633
 -0.18127015233039856  -0.33664989471435547   0.92401742935180664   0.25575393438339233
  0.02549932524561882  -0.94087624549865723  -0.33778977394104004   0.33488947153091431
                    0                     0                     0                     1
---------------------------------------
PoseInertialOptimizationLastKeyFrame
LocalInertialBA
PoseInertialOptimizationLastFrame
tcw of the first keyframe
  0.99632179737091064  0.079045936465263367  0.033084176480770111 -0.021962778642773628
 0.059868887066841125  -0.36589419841766357  -0.92872869968414307 -0.018884627148509026
 -0.06130693107843399   0.92729341983795166  -0.36928069591522217  0.066196545958518982
                    0                     0                     0                     1
twc of the first keyframe
  0.99632179737091064  0.059868887066841125  -0.06130693107843399  0.027070904150605202
 0.079045936465263367  -0.36589419841766357   0.92729341983795166 -0.066557325422763824
 0.033084176480770111  -0.92872869968414307  -0.36928069591522217 0.0076330378651618958
                    0                     0                     0                     1
The Gt data that are read from the file
-0.080972746014595032
  -0.4442271888256073
  0.19152529537677765
                    1
GT that are transfered to the new world:
-0.091941215097904205
  0.26718240976333618
  0.34679403901100159
                    1
The keyframe Estimatation Twc: 
   0.9790845513343811 -0.043432604521512985   0.19876368343830109 -0.083661317825317383
  -0.2017168253660202  -0.33460807800292969   0.92051500082015991   0.27626603841781616
 0.026527572423219681  -0.94135600328445435  -0.33637070655822754   0.34454721212387085
                    0                     0                     0                     1
---------------------------------------
PoseInertialOptimizationLastKeyFrame
PoseInertialOptimizationLastFrame
PoseInertialOptimizationLastFrame
LocalInertialBA
PoseInertialOptimizationLastFrame
tcw of the first keyframe
  0.99632179737091064  0.079045936465263367  0.033084176480770111 -0.021962778642773628
 0.059868887066841125  -0.36589419841766357  -0.92872869968414307 -0.018884627148509026
 -0.06130693107843399   0.92729341983795166  -0.36928069591522217  0.066196545958518982
                    0                     0                     0                     1
twc of the first keyframe
  0.99632179737091064  0.059868887066841125  -0.06130693107843399  0.027070904150605202
 0.079045936465263367  -0.36589419841766357   0.92729341983795166 -0.066557325422763824
 0.033084176480770111  -0.92872869968414307  -0.36928069591522217 0.0076330378651618958
                    0                     0                     0                     1
The Gt data that are read from the file
-0.093971431255340576
   -0.471148282289505
  0.22699201107025146
                    1
GT that are transfered to the new world:
-0.1086781844496727
0.30889323353767395
0.35826921463012695
                  1
The keyframe Estimatation Twc: 
  0.96705234050750732 -0.063255071640014648   0.24659393727779388 -0.099484570324420929
 -0.25324365496635437  -0.33805644512176514     0.906413733959198   0.31805229187011719
 0.026027364656329155  -0.93899786472320557  -0.34293723106384277   0.35670492053031921
                    0                     0                     0                     1
---------------------------------------
PoseInertialOptimizationLastKeyFrame
PoseInertialOptimizationLastFrame
PoseInertialOptimizationLastFrame
PoseInertialOptimizationLastFrame
LocalInertialBA
PoseInertialOptimizationLastFrame
tcw of the first keyframe
  0.99632179737091064  0.079045936465263367  0.033084176480770111 -0.021962778642773628
 0.059868887066841125  -0.36589419841766357  -0.92872869968414307 -0.018884627148509026
 -0.06130693107843399   0.92729341983795166  -0.36928069591522217  0.066196545958518982
                    0                     0                     0                     1
twc of the first keyframe
  0.99632179737091064  0.059868887066841125  -0.06130693107843399  0.027070904150605202
 0.079045936465263367  -0.36589419841766357   0.92729341983795166 -0.066557325422763824
 0.033084176480770111  -0.92872869968414307  -0.36928069591522217 0.0076330378651618958
                    0                     0                     0                     1
The Gt data that are read from the file
-0.10372185707092285
-0.49609354138374329
 0.27850088477134705
                   1
GT that are transfered to the new world:
-0.12304405122995377
 0.36501365900039673
  0.3620927631855011
                   1
The keyframe Estimatation Twc: 
  0.93157720565795898 -0.097353190183639526   0.35026603937149048   -0.1092340350151062
 -0.36219826340675354  -0.33135449886322021   0.87121564149856567   0.37402662634849548
  0.03124660812318325  -0.93847036361694336  -0.34394347667694092    0.3574337363243103
                    0                     0                     0                     1
---------------------------------------
PoseInertialOptimizationLastKeyFrame
LocalInertialBA
PoseInertialOptimizationLastFrame
tcw of the first keyframe
  0.99632179737091064  0.079045936465263367  0.033084176480770111 -0.021962778642773628
 0.059868887066841125  -0.36589419841766357  -0.92872869968414307 -0.018884627148509026
 -0.06130693107843399   0.92729341983795166  -0.36928069591522217  0.066196545958518982
                    0                     0                     0                     1
twc of the first keyframe
  0.99632179737091064  0.059868887066841125  -0.06130693107843399  0.027070904150605202
 0.079045936465263367  -0.36589419841766357   0.92729341983795166 -0.066557325422763824
 0.033084176480770111  -0.92872869968414307  -0.36928069591522217 0.0076330378651618958
                    0                     0                     0                     1
The Gt data that are read from the file
-0.10567457228899002
-0.50252509117126465
 0.30119988322257996
                   1
GT that are transfered to the new world:
-0.12676623463630676
 0.38826122879981995
 0.35961905121803284
                   1
The keyframe Estimatation Twc: 
 0.90838390588760376 -0.11685950309038162  0.40147551894187927  -0.1106521338224411
-0.41691911220550537 -0.32636785507202148  0.84832942485809326  0.39765465259552002
0.031893294304609299 -0.93799155950546265 -0.34518826007843018  0.35251155495643616
                   0                    0                    0                    1
---------------------------------------
PoseInertialOptimizationLastKeyFrame
LocalInertialBA
PoseInertialOptimizationLastFrame
tcw of the first keyframe
  0.99632179737091064  0.079045936465263367  0.033084176480770111 -0.021962778642773628
 0.059868887066841125  -0.36589419841766357  -0.92872869968414307 -0.018884627148509026
 -0.06130693107843399   0.92729341983795166  -0.36928069591522217  0.066196545958518982
                    0                     0                     0                     1
twc of the first keyframe
  0.99632179737091064  0.059868887066841125  -0.06130693107843399  0.027070904150605202
 0.079045936465263367  -0.36589419841766357   0.92729341983795166 -0.066557325422763824
 0.033084176480770111  -0.92872869968414307  -0.36928069591522217 0.0076330378651618958
                    0                     0                     0                     1
The Gt data that are read from the file
-0.10736566781997681
-0.50765413045883179
 0.32608196139335632
                   1
GT that are transfered to the new world:
-0.13028362393379211
 0.41307720541954041
 0.35513812303543091
                   1
The keyframe Estimatation Twc: 
 0.88060653209686279 -0.13760574162006378  0.45342782139778137 -0.11442974209785461
-0.47280582785606384 -0.31860148906707764  0.82155197858810425  0.42190200090408325
0.031412497162818909 -0.93784737586975098 -0.34562337398529053  0.35022872686386108
                   0                    0                    0                    1
---------------------------------------
PoseInertialOptimizationLastKeyFrame
LocalInertialBA
PoseInertialOptimizationLastFrame
tcw of the first keyframe
  0.99632179737091064  0.079045936465263367  0.033084176480770111 -0.021962778642773628
 0.059868887066841125  -0.36589419841766357  -0.92872869968414307 -0.018884627148509026
 -0.06130693107843399   0.92729341983795166  -0.36928069591522217  0.066196545958518982
                    0                     0                     0                     1
twc of the first keyframe
  0.99632179737091064  0.059868887066841125  -0.06130693107843399  0.027070904150605202
 0.079045936465263367  -0.36589419841766357   0.92729341983795166 -0.066557325422763824
 0.033084176480770111  -0.92872869968414307  -0.36928069591522217 0.0076330378651618958
                    0                     0                     0                     1
The Gt data that are read from the file
 -0.1086278110742569
-0.51147443056106567
 0.35223531723022461
                   1
GT that are transfered to the new world:
-0.13337321579456329
 0.43862709403038025
 0.34898644685745239
                   1
The keyframe Estimatation Twc: 
 0.84949684143066406 -0.15730522572994232  0.50359725952148438 -0.11547525227069855
-0.52665066719055176 -0.30987489223480225   0.7915911078453064  0.44582301378250122
0.031530801206827164 -0.93767392635345459 -0.34608268737792969  0.34242618083953857
                   0                    0                    0                    1
---------------------------------------
PoseInertialOptimizationLastKeyFrame
LocalInertialBA
PoseInertialOptimizationLastFrame
tcw of the first keyframe
  0.99632179737091064  0.079045936465263367  0.033084176480770111 -0.021962778642773628
 0.059868887066841125  -0.36589419841766357  -0.92872869968414307 -0.018884627148509026
 -0.06130693107843399   0.92729341983795166  -0.36928069591522217  0.066196545958518982
                    0                     0                     0                     1
twc of the first keyframe
  0.99632179737091064  0.059868887066841125  -0.06130693107843399  0.027070904150605202
 0.079045936465263367  -0.36589419841766357   0.92729341983795166 -0.066557325422763824
 0.033084176480770111  -0.92872869968414307  -0.36928069591522217 0.0076330378651618958
                    0                     0                     0                     1
The Gt data that are read from the file
-0.11018513888120651
-0.51380425691604614
 0.38074260950088501
                   1
GT that are transfered to the new world:
-0.1368120014667511
0.46579113602638245
0.34057152271270752
                  1
The keyframe Estimatation Twc: 
 0.81649601459503174 -0.17750048637390137  0.54938864707946777 -0.11585983633995056
-0.57660537958145142 -0.29904735088348389  0.76032698154449463  0.47449356317520142
 0.02933480404317379 -0.93758434057235718 -0.34651875495910645  0.33356210589408875
                   0                    0                    0                    1
---------------------------------------
PoseInertialOptimizationLastKeyFrame
LocalInertialBA
PoseInertialOptimizationLastFrame
tcw of the first keyframe
  0.99632179737091064  0.079045936465263367  0.033084176480770111 -0.021962778642773628
 0.059868887066841125  -0.36589419841766357  -0.92872869968414307 -0.018884627148509026
 -0.06130693107843399   0.92729341983795166  -0.36928069591522217  0.066196545958518982
                    0                     0                     0                     1
twc of the first keyframe
  0.99632179737091064  0.059868887066841125  -0.06130693107843399  0.027070904150605202
 0.079045936465263367  -0.36589419841766357   0.92729341983795166 -0.066557325422763824
 0.033084176480770111  -0.92872869968414307  -0.36928069591522217 0.0076330378651618958
                    0                     0                     0                     1
The Gt data that are read from the file
-0.11145912110805511
-0.51487022638320923
 0.40974563360214233
                   1
GT that are transfered to the new world:
-0.13992320001125336
 0.49297472834587097
   0.330809086561203
                   1
The keyframe Estimatation Twc: 
 0.78243362903594971 -0.19288399815559387   0.5921093225479126 -0.11846727132797241
-0.62196630239486694 -0.28924918174743652  0.72766280174255371  0.50355362892150879
0.030912572517991066 -0.93761986494064331 -0.34628570079803467  0.32491472363471985
                   0                    0                    0                    1
---------------------------------------
PoseInertialOptimizationLastKeyFrame
LocalInertialBA
PoseInertialOptimizationLastFrame
tcw of the first keyframe
  0.99632179737091064  0.079045936465263367  0.033084176480770111 -0.021962778642773628
 0.059868887066841125  -0.36589419841766357  -0.92872869968414307 -0.018884627148509026
 -0.06130693107843399   0.92729341983795166  -0.36928069591522217  0.066196545958518982
                    0                     0                     0                     1
twc of the first keyframe
  0.99632179737091064  0.059868887066841125  -0.06130693107843399  0.027070904150605202
 0.079045936465263367  -0.36589419841766357   0.92729341983795166 -0.066557325422763824
 0.033084176480770111  -0.92872869968414307  -0.36928069591522217 0.0076330378651618958
                    0                     0                     0                     1
The Gt data that are read from the file
-0.11168351769447327
 -0.5160982608795166
 0.44139382243156433
                   1
GT that are transfered to the new world:
-0.14216053485870361
 0.52275347709655762
  0.3202551007270813
                   1
The keyframe Estimatation Twc: 
 0.74697589874267578 -0.20663371682167053  0.63192528486251831 -0.11917385458946228
 -0.6640288233757019 -0.27913010120391846  0.69365149736404419  0.53388923406600952
0.033057507127523422 -0.93775755167007446 -0.34571421146392822   0.3134039044380188
                   0                    0                    0                    1
---------------------------------------
PoseInertialOptimizationLastKeyFrame
LocalInertialBA
PoseInertialOptimizationLastFrame
tcw of the first keyframe
  0.99632179737091064  0.079045936465263367  0.033084176480770111 -0.021962778642773628
 0.059868887066841125  -0.36589419841766357  -0.92872869968414307 -0.018884627148509026
 -0.06130693107843399   0.92729341983795166  -0.36928069591522217  0.066196545958518982
                    0                     0                     0                     1
twc of the first keyframe
  0.99632179737091064  0.059868887066841125  -0.06130693107843399  0.027070904150605202
 0.079045936465263367  -0.36589419841766357   0.92729341983795166 -0.066557325422763824
 0.033084176480770111  -0.92872869968414307  -0.36928069591522217 0.0076330378651618958
                    0                     0                     0                     1
The Gt data that are read from the file
-0.11252017319202423
-0.51692491769790649
 0.47424855828285217
                   1
GT that are transfered to the new world:
-0.14505784213542938
 0.55345577001571655
 0.30886256694793701
                   1
The keyframe Estimatation Twc: 
 0.70947372913360596 -0.22140467166900635  0.66904932260513306 -0.11923974752426147
-0.70390856266021729 -0.26851046085357666  0.65758264064788818  0.56527268886566162
0.034054871648550034 -0.93748712539672852 -0.34634983539581299  0.30176910758018494
                   0                    0                    0                    1
---------------------------------------
PoseInertialOptimizationLastKeyFrame
LocalInertialBA
PoseInertialOptimizationLastFrame
tcw of the first keyframe
  0.99632179737091064  0.079045936465263367  0.033084176480770111 -0.021962778642773628
 0.059868887066841125  -0.36589419841766357  -0.92872869968414307 -0.018884627148509026
 -0.06130693107843399   0.92729341983795166  -0.36928069591522217  0.066196545958518982
                    0                     0                     0                     1
twc of the first keyframe
  0.99632179737091064  0.059868887066841125  -0.06130693107843399  0.027070904150605202
 0.079045936465263367  -0.36589419841766357   0.92729341983795166 -0.066557325422763824
 0.033084176480770111  -0.92872869968414307  -0.36928069591522217 0.0076330378651618958
                    0                     0                     0                     1
The Gt data that are read from the file
-0.11189074069261551
-0.51830977201461792
 0.50882476568222046
                   1
GT that are transfered to the new world:
-0.14663338661193848
 0.58607453107833862
 0.29740121960639954
                   1
The keyframe Estimatation Twc: 
 0.67031461000442505 -0.23510625958442688  0.70384901762008667 -0.11965849995613098
-0.74113994836807251 -0.25975501537322998  0.61906313896179199  0.59721213579177856
0.037282604724168777 -0.93661761283874512 -0.34836423397064209  0.29058629274368286
                   0                    0                    0                    1
---------------------------------------
PoseInertialOptimizationLastKeyFrame
LocalInertialBA
PoseInertialOptimizationLastFrame
tcw of the first keyframe
  0.99632179737091064  0.079045936465263367  0.033084176480770111 -0.021962778642773628
 0.059868887066841125  -0.36589419841766357  -0.92872869968414307 -0.018884627148509026
 -0.06130693107843399   0.92729341983795166  -0.36928069591522217  0.066196545958518982
                    0                     0                     0                     1
twc of the first keyframe
  0.99632179737091064  0.059868887066841125  -0.06130693107843399  0.027070904150605202
 0.079045936465263367  -0.36589419841766357   0.92729341983795166 -0.066557325422763824
 0.033084176480770111  -0.92872869968414307  -0.36928069591522217 0.0076330378651618958
                    0                     0                     0                     1
The Gt data that are read from the file
-0.11112804710865021
-0.51914596557617188
 0.54487019777297974
                   1
GT that are transfered to the new world:
-0.14813339710235596
 0.61986547708511353
 0.28489214181900024
                   1
The keyframe Estimatation Twc: 
 0.62988805770874023  -0.2462100088596344  0.73662865161895752 -0.12029758095741272
-0.77571588754653931 -0.24681317806243896  0.58081710338592529  0.63156974315643311
0.038806546479463577 -0.93726426362991333 -0.34645378589630127  0.27850049734115601
                   0                    0                    0                    1
---------------------------------------
PoseInertialOptimizationLastKeyFrame
LocalInertialBA
PoseInertialOptimizationLastFrame
tcw of the first keyframe
  0.99632179737091064  0.079045936465263367  0.033084176480770111 -0.021962778642773628
 0.059868887066841125  -0.36589419841766357  -0.92872869968414307 -0.018884627148509026
 -0.06130693107843399   0.92729341983795166  -0.36928069591522217  0.066196545958518982
                    0                     0                     0                     1
twc of the first keyframe
  0.99632179737091064  0.059868887066841125  -0.06130693107843399  0.027070904150605202
 0.079045936465263367  -0.36589419841766357   0.92729341983795166 -0.066557325422763824
 0.033084176480770111  -0.92872869968414307  -0.36928069591522217 0.0076330378651618958
                    0                     0                     0                     1
The Gt data that are read from the file
-0.1096746101975441
-0.5215456485748291
0.58367323875427246
                  1
GT that are transfered to the new world:
-0.14920787513256073
 0.65684020519256592
 0.27283969521522522
                   1
The keyframe Estimatation Twc: 
  0.5897601842880249 -0.25344648957252502  0.76677757501602173 -0.11854428052902222
-0.80670511722564697 -0.22903287410736084  0.54476708173751831  0.66918224096298218
 0.03754781186580658 -0.93984532356262207  -0.3395310640335083  0.26615062355995178
                   0                    0                    0                    1
---------------------------------------
PoseInertialOptimizationLastKeyFrame
LocalInertialBA
PoseInertialOptimizationLastFrame
tcw of the first keyframe
  0.99632179737091064  0.079045936465263367  0.033084176480770111 -0.021962778642773628
 0.059868887066841125  -0.36589419841766357  -0.92872869968414307 -0.018884627148509026
 -0.06130693107843399   0.92729341983795166  -0.36928069591522217  0.066196545958518982
                    0                     0                     0                     1
twc of the first keyframe
  0.99632179737091064  0.059868887066841125  -0.06130693107843399  0.027070904150605202
 0.079045936465263367  -0.36589419841766357   0.92729341983795166 -0.066557325422763824
 0.033084176480770111  -0.92872869968414307  -0.36928069591522217 0.0076330378651618958
                    0                     0                     0                     1
The Gt data that are read from the file
-0.10875249654054642
-0.52370840311050415
 0.62401354312896729
                   1
GT that are transfered to the new world:
-0.15089178085327148
 0.69511175155639648
 0.25998193025588989
                   1
The keyframe Estimatation Twc: 
 0.54889917373657227 -0.26356840133666992   0.7932472825050354 -0.12129688262939453
-0.83536040782928467  -0.2066950798034668  0.50936228036880493  0.70337700843811035
0.029708601534366608 -0.94223594665527344 -0.33362925052642822  0.25444731116294861
                   0                    0                    0                    1
---------------------------------------
PoseInertialOptimizationLastKeyFrame
LocalInertialBA
PoseInertialOptimizationLastFrame
tcw of the first keyframe
  0.99632179737091064  0.079045936465263367  0.033084176480770111 -0.021962778642773628
 0.059868887066841125  -0.36589419841766357  -0.92872869968414307 -0.018884627148509026
 -0.06130693107843399   0.92729341983795166  -0.36928069591522217  0.066196545958518982
                    0                     0                     0                     1
twc of the first keyframe
  0.99632179737091064  0.059868887066841125  -0.06130693107843399  0.027070904150605202
 0.079045936465263367  -0.36589419841766357   0.92729341983795166 -0.066557325422763824
 0.033084176480770111  -0.92872869968414307  -0.36928069591522217 0.0076330378651618958
                    0                     0                     0                     1
The Gt data that are read from the file
-0.10765472054481506
-0.52434778213500977
 0.66520732641220093
                   1
GT that are transfered to the new world:
-0.15236178040504456
  0.7336311936378479
 0.24539998173713684
                   1
The keyframe Estimatation Twc: 
 0.50755095481872559 -0.27358421683311462  0.81703346967697144 -0.11915969848632812
-0.86128062009811401 -0.18777728080749512  0.47216048836708069   0.7404596209526062
0.024244656786322594 -0.94334059953689575 -0.33093929290771484  0.24085763096809387
                   0                    0                    0                    1
---------------------------------------
PoseInertialOptimizationLastKeyFrame
LocalInertialBA
PoseInertialOptimizationLastFrame
tcw of the first keyframe
  0.99632179737091064  0.079045936465263367  0.033084176480770111 -0.021962778642773628
 0.059868887066841125  -0.36589419841766357  -0.92872869968414307 -0.018884627148509026
 -0.06130693107843399   0.92729341983795166  -0.36928069591522217  0.066196545958518982
                    0                     0                     0                     1
twc of the first keyframe
  0.99632179737091064  0.059868887066841125  -0.06130693107843399  0.027070904150605202
 0.079045936465263367  -0.36589419841766357   0.92729341983795166 -0.066557325422763824
 0.033084176480770111  -0.92872869968414307  -0.36928069591522217 0.0076330378651618958
                    0                     0                     0                     1
The Gt data that are read from the file
-0.10583015531301498
-0.52474945783615112
 0.70693737268447876
                   1
GT that are transfered to the new world:
-0.1531263142824173
0.77261835336685181
